import{_ as t}from"./plugin-vue_export-helper-c27b6911.js";import{o as d,c as r,e as h}from"./app-4a92f86a.js";const e={},o=h("<p>让每个人真正懂得&quot;理财&quot;的艺术</p><table><thead><tr><th>年化 3.2%</th><th>20万</th><th>40万</th><th>60万</th><th>80万</th><th>100万</th><th>120万</th><th>140万</th><th>160万</th><th>180万</th><th>200万</th><th>220万</th><th>240万</th><th>260万</th><th>280万</th><th>300万</th><th>320万</th><th>340万</th><th>360万</th><th>380万</th><th>400万</th><th>420万</th><th>440万</th><th>460万</th><th>480万</th><th>500万</th><th>520万</th><th>540万</th><th>560万</th><th>580万</th><th>600万</th><th>620万</th><th>640万</th><th>660万</th><th>680万</th><th>700万</th><th>720万</th><th>740万</th><th>760万</th><th>780万</th><th>800万</th><th>820万</th><th>840万</th><th>860万</th><th>880万</th><th>900万</th><th>920万</th><th>940万</th><th>960万</th><th>980万</th><th>1000万</th></tr></thead><tbody><tr><td>1年</td><td>6400</td><td>12800</td><td>19200</td><td>25600</td><td>32000</td><td>38400</td><td>44800</td><td>51200</td><td>57600</td><td>64000</td><td>70400</td><td>76800</td><td>83200</td><td>89600</td><td>96000</td><td>102400</td><td>108800</td><td>115200</td><td>121600</td><td>128000</td><td>134400</td><td>140800</td><td>147200</td><td>153600</td><td>160000</td><td>166400</td><td>172800</td><td>179200</td><td>185600</td><td>192000</td><td>198400</td><td>204800</td><td>211200</td><td>217600</td><td>224000</td><td>230400</td><td>236800</td><td>243200</td><td>249600</td><td>256000</td><td>262400</td><td>268800</td><td>275200</td><td>281600</td><td>288000</td><td>294400</td><td>300800</td><td>307200</td><td>313600</td><td>320000</td></tr><tr><td>2年</td><td>12800</td><td>25600</td><td>38400</td><td>51200</td><td>64000</td><td>76800</td><td>89600</td><td>102400</td><td>115200</td><td>128000</td><td>140800</td><td>153600</td><td>166400</td><td>179200</td><td>192000</td><td>204800</td><td>217600</td><td>230400</td><td>243200</td><td>256000</td><td>268800</td><td>281600</td><td>294400</td><td>307200</td><td>320000</td><td>332800</td><td>345600</td><td>358400</td><td>371200</td><td>384000</td><td>396800</td><td>409600</td><td>422400</td><td>435200</td><td>448000</td><td>460800</td><td>473600</td><td>486400</td><td>499200</td><td>512000</td><td>524800</td><td>537600</td><td>550400</td><td>563200</td><td>576000</td><td>588800</td><td>601600</td><td>614400</td><td>627200</td><td>640000</td></tr><tr><td>3年</td><td>19200</td><td>38400</td><td>57600</td><td>76800</td><td>96000</td><td>115200</td><td>134400</td><td>153600</td><td>172800</td><td>192000</td><td>211200</td><td>230400</td><td>249600</td><td>268800</td><td>288000</td><td>307200</td><td>326400</td><td>345600</td><td>364800</td><td>384000</td><td>403200</td><td>422400</td><td>441600</td><td>460800</td><td>480000</td><td>499200</td><td>518400</td><td>537600</td><td>556800</td><td>576000</td><td>595200</td><td>614400</td><td>633600</td><td>652800</td><td>672000</td><td>691200</td><td>710400</td><td>729600</td><td>748800</td><td>768000</td><td>787200</td><td>806400</td><td>825600</td><td>844800</td><td>864000</td><td>883200</td><td>902400</td><td>921600</td><td>940800</td><td>960000</td></tr><tr><td>4年</td><td>25600</td><td>51200</td><td>76800</td><td>102400</td><td>128000</td><td>153600</td><td>179200</td><td>204800</td><td>230400</td><td>256000</td><td>281600</td><td>307200</td><td>332800</td><td>358400</td><td>384000</td><td>409600</td><td>435200</td><td>460800</td><td>486400</td><td>512000</td><td>537600</td><td>563200</td><td>588800</td><td>614400</td><td>640000</td><td>665600</td><td>691200</td><td>716800</td><td>742400</td><td>768000</td><td>793600</td><td>819200</td><td>844800</td><td>870400</td><td>896000</td><td>921600</td><td>947200</td><td>972800</td><td>998400</td><td>1024000</td><td>1049600</td><td>1075200</td><td>1100800</td><td>1126400</td><td>1152000</td><td>1177600</td><td>1203200</td><td>1228800</td><td>1254400</td><td>1280000</td></tr><tr><td>5年</td><td>32000</td><td>64000</td><td>96000</td><td>128000</td><td>160000</td><td>192000</td><td>224000</td><td>256000</td><td>288000</td><td>320000</td><td>352000</td><td>384000</td><td>416000</td><td>448000</td><td>480000</td><td>512000</td><td>544000</td><td>576000</td><td>608000</td><td>640000</td><td>672000</td><td>704000</td><td>736000</td><td>768000</td><td>800000</td><td>832000</td><td>864000</td><td>896000</td><td>928000</td><td>960000</td><td>992000</td><td>1024000</td><td>1056000</td><td>1088000</td><td>1120000</td><td>1152000</td><td>1184000</td><td>1216000</td><td>1248000</td><td>1280000</td><td>1312000</td><td>1344000</td><td>1376000</td><td>1408000</td><td>1440000</td><td>1472000</td><td>1504000</td><td>1536000</td><td>1568000</td><td>1600000</td></tr><tr><td>6年</td><td>38400</td><td>76800</td><td>115200</td><td>153600</td><td>192000</td><td>230400</td><td>268800</td><td>307200</td><td>345600</td><td>384000</td><td>422400</td><td>460800</td><td>499200</td><td>537600</td><td>576000</td><td>614400</td><td>652800</td><td>691200</td><td>729600</td><td>768000</td><td>806400</td><td>844800</td><td>883200</td><td>921600</td><td>960000</td><td>998400</td><td>1036800</td><td>1075200</td><td>1113600</td><td>1152000</td><td>1190400</td><td>1228800</td><td>1267200</td><td>1305600</td><td>1344000</td><td>1382400</td><td>1420800</td><td>1459200</td><td>1497600</td><td>1536000</td><td>1574400</td><td>1612800</td><td>1651200</td><td>1689600</td><td>1728000</td><td>1766400</td><td>1804800</td><td>1843200</td><td>1881600</td><td>1920000</td></tr><tr><td>7年</td><td>44800</td><td>89600</td><td>134400</td><td>179200</td><td>224000</td><td>268800</td><td>313600</td><td>358400</td><td>403200</td><td>448000</td><td>492800</td><td>537600</td><td>582400</td><td>627200</td><td>672000</td><td>716800</td><td>761600</td><td>806400</td><td>851200</td><td>896000</td><td>940800</td><td>985600</td><td>1030400</td><td>1075200</td><td>1120000</td><td>1164800</td><td>1209600</td><td>1254400</td><td>1299200</td><td>1344000</td><td>1388800</td><td>1433600</td><td>1478400</td><td>1523200</td><td>1568000</td><td>1612800</td><td>1657600</td><td>1702400</td><td>1747200</td><td>1792000</td><td>1836800</td><td>1881600</td><td>1926400</td><td>1971200</td><td>2016000</td><td>2060800</td><td>2105600</td><td>2150400</td><td>2195200</td><td>2240000</td></tr><tr><td>8年</td><td>51200</td><td>102400</td><td>153600</td><td>204800</td><td>256000</td><td>307200</td><td>358400</td><td>409600</td><td>460800</td><td>512000</td><td>563200</td><td>614400</td><td>665600</td><td>716800</td><td>768000</td><td>819200</td><td>870400</td><td>921600</td><td>972800</td><td>1024000</td><td>1075200</td><td>1126400</td><td>1177600</td><td>1228800</td><td>1280000</td><td>1331200</td><td>1382400</td><td>1433600</td><td>1484800</td><td>1536000</td><td>1587200</td><td>1638400</td><td>1689600</td><td>1740800</td><td>1792000</td><td>1843200</td><td>1894400</td><td>1945600</td><td>1996800</td><td>2048000</td><td>2099200</td><td>2150400</td><td>2201600</td><td>2252800</td><td>2304000</td><td>2355200</td><td>2406400</td><td>2457600</td><td>2508800</td><td>2560000</td></tr><tr><td>9年</td><td>57600</td><td>115200</td><td>172800</td><td>230400</td><td>288000</td><td>345600</td><td>403200</td><td>460800</td><td>518400</td><td>576000</td><td>633600</td><td>691200</td><td>748800</td><td>806400</td><td>864000</td><td>921600</td><td>979200</td><td>1036800</td><td>1094400</td><td>1152000</td><td>1209600</td><td>1267200</td><td>1324800</td><td>1382400</td><td>1440000</td><td>1497600</td><td>1555200</td><td>1612800</td><td>1670400</td><td>1728000</td><td>1785600</td><td>1843200</td><td>1900800</td><td>1958400</td><td>2016000</td><td>2073600</td><td>2131200</td><td>2188800</td><td>2246400</td><td>2304000</td><td>2361600</td><td>2419200</td><td>2476800</td><td>2534400</td><td>2592000</td><td>2649600</td><td>2707200</td><td>2764800</td><td>2822400</td><td>2880000</td></tr><tr><td>10年</td><td>64000</td><td>128000</td><td>192000</td><td>256000</td><td>320000</td><td>384000</td><td>448000</td><td>512000</td><td>576000</td><td>640000</td><td>704000</td><td>768000</td><td>832000</td><td>896000</td><td>960000</td><td>1024000</td><td>1088000</td><td>1152000</td><td>1216000</td><td>1280000</td><td>1344000</td><td>1408000</td><td>1472000</td><td>1536000</td><td>1600000</td><td>1664000</td><td>1728000</td><td>1792000</td><td>1856000</td><td>1920000</td><td>1984000</td><td>2048000</td><td>2112000</td><td>2176000</td><td>2240000</td><td>2304000</td><td>2368000</td><td>2432000</td><td>2496000</td><td>2560000</td><td>2624000</td><td>2688000</td><td>2752000</td><td>2816000</td><td>2880000</td><td>2944000</td><td>3008000</td><td>3072000</td><td>3136000</td><td>3200000</td></tr><tr><td>11年</td><td>70400</td><td>140800</td><td>211200</td><td>281600</td><td>352000</td><td>422400</td><td>492800</td><td>563200</td><td>633600</td><td>704000</td><td>774400</td><td>844800</td><td>915200</td><td>985600</td><td>1056000</td><td>1126400</td><td>1196800</td><td>1267200</td><td>1337600</td><td>1408000</td><td>1478400</td><td>1548800</td><td>1619200</td><td>1689600</td><td>1760000</td><td>1830400</td><td>1900800</td><td>1971200</td><td>2041600</td><td>2112000</td><td>2182400</td><td>2252800</td><td>2323200</td><td>2393600</td><td>2464000</td><td>2534400</td><td>2604800</td><td>2675200</td><td>2745600</td><td>2816000</td><td>2886400</td><td>2956800</td><td>3027200</td><td>3097600</td><td>3168000</td><td>3238400</td><td>3308800</td><td>3379200</td><td>3449600</td><td>3520000</td></tr><tr><td>12年</td><td>76800</td><td>153600</td><td>230400</td><td>307200</td><td>384000</td><td>460800</td><td>537600</td><td>614400</td><td>691200</td><td>768000</td><td>844800</td><td>921600</td><td>998400</td><td>1075200</td><td>1152000</td><td>1228800</td><td>1305600</td><td>1382400</td><td>1459200</td><td>1536000</td><td>1612800</td><td>1689600</td><td>1766400</td><td>1843200</td><td>1920000</td><td>1996800</td><td>2073600</td><td>2150400</td><td>2227200</td><td>2304000</td><td>2380800</td><td>2457600</td><td>2534400</td><td>2611200</td><td>2688000</td><td>2764800</td><td>2841600</td><td>2918400</td><td>2995200</td><td>3072000</td><td>3148800</td><td>3225600</td><td>3302400</td><td>3379200</td><td>3456000</td><td>3532800</td><td>3609600</td><td>3686400</td><td>3763200</td><td>3840000</td></tr><tr><td>13年</td><td>83200</td><td>166400</td><td>249600</td><td>332800</td><td>416000</td><td>499200</td><td>582400</td><td>665600</td><td>748800</td><td>832000</td><td>915200</td><td>998400</td><td>1081600</td><td>1164800</td><td>1248000</td><td>1331200</td><td>1414400</td><td>1497600</td><td>1580800</td><td>1664000</td><td>1747200</td><td>1830400</td><td>1913600</td><td>1996800</td><td>2080000</td><td>2163200</td><td>2246400</td><td>2329600</td><td>2412800</td><td>2496000</td><td>2579200</td><td>2662400</td><td>2745600</td><td>2828800</td><td>2912000</td><td>2995200</td><td>3078400</td><td>3161600</td><td>3244800</td><td>3328000</td><td>3411200</td><td>3494400</td><td>3577600</td><td>3660800</td><td>3744000</td><td>3827200</td><td>3910400</td><td>3993600</td><td>4076800</td><td>4160000</td></tr><tr><td>14年</td><td>89600</td><td>179200</td><td>268800</td><td>358400</td><td>448000</td><td>537600</td><td>627200</td><td>716800</td><td>806400</td><td>896000</td><td>985600</td><td>1075200</td><td>1164800</td><td>1254400</td><td>1344000</td><td>1433600</td><td>1523200</td><td>1612800</td><td>1702400</td><td>1792000</td><td>1881600</td><td>1971200</td><td>2060800</td><td>2150400</td><td>2240000</td><td>2329600</td><td>2419200</td><td>2508800</td><td>2598400</td><td>2688000</td><td>2777600</td><td>2867200</td><td>2956800</td><td>3046400</td><td>3136000</td><td>3225600</td><td>3315200</td><td>3404800</td><td>3494400</td><td>3584000</td><td>3673600</td><td>3763200</td><td>3852800</td><td>3942400</td><td>4032000</td><td>4121600</td><td>4211200</td><td>4300800</td><td>4390400</td><td>4480000</td></tr><tr><td>15年</td><td>96000</td><td>192000</td><td>288000</td><td>384000</td><td>480000</td><td>576000</td><td>672000</td><td>768000</td><td>864000</td><td>960000</td><td>1056000</td><td>1152000</td><td>1248000</td><td>1344000</td><td>1440000</td><td>1536000</td><td>1632000</td><td>1728000</td><td>1824000</td><td>1920000</td><td>2016000</td><td>2112000</td><td>2208000</td><td>2304000</td><td>2400000</td><td>2496000</td><td>2592000</td><td>2688000</td><td>2784000</td><td>2880000</td><td>2976000</td><td>3072000</td><td>3168000</td><td>3264000</td><td>3360000</td><td>3456000</td><td>3552000</td><td>3648000</td><td>3744000</td><td>3840000</td><td>3936000</td><td>4032000</td><td>4128000</td><td>4224000</td><td>4320000</td><td>4416000</td><td>4512000</td><td>4608000</td><td>4704000</td><td>4800000</td></tr><tr><td>16年</td><td>102400</td><td>204800</td><td>307200</td><td>409600</td><td>512000</td><td>614400</td><td>716800</td><td>819200</td><td>921600</td><td>1024000</td><td>1126400</td><td>1228800</td><td>1331200</td><td>1433600</td><td>1536000</td><td>1638400</td><td>1740800</td><td>1843200</td><td>1945600</td><td>2048000</td><td>2150400</td><td>2252800</td><td>2355200</td><td>2457600</td><td>2560000</td><td>2662400</td><td>2764800</td><td>2867200</td><td>2969600</td><td>3072000</td><td>3174400</td><td>3276800</td><td>3379200</td><td>3481600</td><td>3584000</td><td>3686400</td><td>3788800</td><td>3891200</td><td>3993600</td><td>4096000</td><td>4198400</td><td>4300800</td><td>4403200</td><td>4505600</td><td>4608000</td><td>4710400</td><td>4812800</td><td>4915200</td><td>5017600</td><td>5120000</td></tr><tr><td>17年</td><td>108800</td><td>217600</td><td>326400</td><td>435200</td><td>544000</td><td>652800</td><td>761600</td><td>870400</td><td>979200</td><td>1088000</td><td>1196800</td><td>1305600</td><td>1414400</td><td>1523200</td><td>1632000</td><td>1740800</td><td>1849600</td><td>1958400</td><td>2067200</td><td>2176000</td><td>2284800</td><td>2393600</td><td>2502400</td><td>2611200</td><td>2720000</td><td>2828800</td><td>2937600</td><td>3046400</td><td>3155200</td><td>3264000</td><td>3372800</td><td>3481600</td><td>3590400</td><td>3699200</td><td>3808000</td><td>3916800</td><td>4025600</td><td>4134400</td><td>4243200</td><td>4352000</td><td>4460800</td><td>4569600</td><td>4678400</td><td>4787200</td><td>4896000</td><td>5004800</td><td>5113600</td><td>5222400</td><td>5331200</td><td>5440000</td></tr><tr><td>18年</td><td>115200</td><td>230400</td><td>345600</td><td>460800</td><td>576000</td><td>691200</td><td>806400</td><td>921600</td><td>1036800</td><td>1152000</td><td>1267200</td><td>1382400</td><td>1497600</td><td>1612800</td><td>1728000</td><td>1843200</td><td>1958400</td><td>2073600</td><td>2188800</td><td>2304000</td><td>2419200</td><td>2534400</td><td>2649600</td><td>2764800</td><td>2880000</td><td>2995200</td><td>3110400</td><td>3225600</td><td>3340800</td><td>3456000</td><td>3571200</td><td>3686400</td><td>3801600</td><td>3916800</td><td>4032000</td><td>4147200</td><td>4262400</td><td>4377600</td><td>4492800</td><td>4608000</td><td>4723200</td><td>4838400</td><td>4953600</td><td>5068800</td><td>5184000</td><td>5299200</td><td>5414400</td><td>5529600</td><td>5644800</td><td>5760000</td></tr><tr><td>19年</td><td>121600</td><td>243200</td><td>364800</td><td>486400</td><td>608000</td><td>729600</td><td>851200</td><td>972800</td><td>1094400</td><td>1216000</td><td>1337600</td><td>1459200</td><td>1580800</td><td>1702400</td><td>1824000</td><td>1945600</td><td>2067200</td><td>2188800</td><td>2310400</td><td>2432000</td><td>2553600</td><td>2675200</td><td>2796800</td><td>2918400</td><td>3040000</td><td>3161600</td><td>3283200</td><td>3404800</td><td>3526400</td><td>3648000</td><td>3769600</td><td>3891200</td><td>4012800</td><td>4134400</td><td>4256000</td><td>4377600</td><td>4499200</td><td>4620800</td><td>4742400</td><td>4864000</td><td>4985600</td><td>5107200</td><td>5228800</td><td>5350400</td><td>5472000</td><td>5593600</td><td>5715200</td><td>5836800</td><td>5958400</td><td>6080000</td></tr><tr><td>20年</td><td>128000</td><td>256000</td><td>384000</td><td>512000</td><td>640000</td><td>768000</td><td>896000</td><td>1024000</td><td>1152000</td><td>1280000</td><td>1408000</td><td>1536000</td><td>1664000</td><td>1792000</td><td>1920000</td><td>2048000</td><td>2176000</td><td>2304000</td><td>2432000</td><td>2560000</td><td>2688000</td><td>2816000</td><td>2944000</td><td>3072000</td><td>3200000</td><td>3328000</td><td>3456000</td><td>3584000</td><td>3712000</td><td>3840000</td><td>3968000</td><td>4096000</td><td>4224000</td><td>4352000</td><td>4480000</td><td>4608000</td><td>4736000</td><td>4864000</td><td>4992000</td><td>5120000</td><td>5248000</td><td>5376000</td><td>5504000</td><td>5632000</td><td>5760000</td><td>5888000</td><td>6016000</td><td>6144000</td><td>6272000</td><td>6400000</td></tr><tr><td>21年</td><td>134400</td><td>268800</td><td>403200</td><td>537600</td><td>672000</td><td>806400</td><td>940800</td><td>1075200</td><td>1209600</td><td>1344000</td><td>1478400</td><td>1612800</td><td>1747200</td><td>1881600</td><td>2016000</td><td>2150400</td><td>2284800</td><td>2419200</td><td>2553600</td><td>2688000</td><td>2822400</td><td>2956800</td><td>3091200</td><td>3225600</td><td>3360000</td><td>3494400</td><td>3628800</td><td>3763200</td><td>3897600</td><td>4032000</td><td>4166400</td><td>4300800</td><td>4435200</td><td>4569600</td><td>4704000</td><td>4838400</td><td>4972800</td><td>5107200</td><td>5241600</td><td>5376000</td><td>5510400</td><td>5644800</td><td>5779200</td><td>5913600</td><td>6048000</td><td>6182400</td><td>6316800</td><td>6451200</td><td>6585600</td><td>6720000</td></tr><tr><td>22年</td><td>140800</td><td>281600</td><td>422400</td><td>563200</td><td>704000</td><td>844800</td><td>985600</td><td>1126400</td><td>1267200</td><td>1408000</td><td>1548800</td><td>1689600</td><td>1830400</td><td>1971200</td><td>2112000</td><td>2252800</td><td>2393600</td><td>2534400</td><td>2675200</td><td>2816000</td><td>2956800</td><td>3097600</td><td>3238400</td><td>3379200</td><td>3520000</td><td>3660800</td><td>3801600</td><td>3942400</td><td>4083200</td><td>4224000</td><td>4364800</td><td>4505600</td><td>4646400</td><td>4787200</td><td>4928000</td><td>5068800</td><td>5209600</td><td>5350400</td><td>5491200</td><td>5632000</td><td>5772800</td><td>5913600</td><td>6054400</td><td>6195200</td><td>6336000</td><td>6476800</td><td>6617600</td><td>6758400</td><td>6899200</td><td>7040000</td></tr><tr><td>23年</td><td>147200</td><td>294400</td><td>441600</td><td>588800</td><td>736000</td><td>883200</td><td>1030400</td><td>1177600</td><td>1324800</td><td>1472000</td><td>1619200</td><td>1766400</td><td>1913600</td><td>2060800</td><td>2208000</td><td>2355200</td><td>2502400</td><td>2649600</td><td>2796800</td><td>2944000</td><td>3091200</td><td>3238400</td><td>3385600</td><td>3532800</td><td>3680000</td><td>3827200</td><td>3974400</td><td>4121600</td><td>4268800</td><td>4416000</td><td>4563200</td><td>4710400</td><td>4857600</td><td>5004800</td><td>5152000</td><td>5299200</td><td>5446400</td><td>5593600</td><td>5740800</td><td>5888000</td><td>6035200</td><td>6182400</td><td>6329600</td><td>6476800</td><td>6624000</td><td>6771200</td><td>6918400</td><td>7065600</td><td>7212800</td><td>7360000</td></tr><tr><td>24年</td><td>153600</td><td>307200</td><td>460800</td><td>614400</td><td>768000</td><td>921600</td><td>1075200</td><td>1228800</td><td>1382400</td><td>1536000</td><td>1689600</td><td>1843200</td><td>1996800</td><td>2150400</td><td>2304000</td><td>2457600</td><td>2611200</td><td>2764800</td><td>2918400</td><td>3072000</td><td>3225600</td><td>3379200</td><td>3532800</td><td>3686400</td><td>3840000</td><td>3993600</td><td>4147200</td><td>4300800</td><td>4454400</td><td>4608000</td><td>4761600</td><td>4915200</td><td>5068800</td><td>5222400</td><td>5376000</td><td>5529600</td><td>5683200</td><td>5836800</td><td>5990400</td><td>6144000</td><td>6297600</td><td>6451200</td><td>6604800</td><td>6758400</td><td>6912000</td><td>7065600</td><td>7219200</td><td>7372800</td><td>7526400</td><td>7680000</td></tr><tr><td>25年</td><td>160000</td><td>320000</td><td>480000</td><td>640000</td><td>800000</td><td>960000</td><td>1120000</td><td>1280000</td><td>1440000</td><td>1600000</td><td>1760000</td><td>1920000</td><td>2080000</td><td>2240000</td><td>2400000</td><td>2560000</td><td>2720000</td><td>2880000</td><td>3040000</td><td>3200000</td><td>3360000</td><td>3520000</td><td>3680000</td><td>3840000</td><td>4000000</td><td>4160000</td><td>4320000</td><td>4480000</td><td>4640000</td><td>4800000</td><td>4960000</td><td>5120000</td><td>5280000</td><td>5440000</td><td>5600000</td><td>5760000</td><td>5920000</td><td>6080000</td><td>6240000</td><td>6400000</td><td>6560000</td><td>6720000</td><td>6880000</td><td>7040000</td><td>7200000</td><td>7360000</td><td>7520000</td><td>7680000</td><td>7840000</td><td>8000000</td></tr><tr><td>26年</td><td>166400</td><td>332800</td><td>499200</td><td>665600</td><td>832000</td><td>998400</td><td>1164800</td><td>1331200</td><td>1497600</td><td>1664000</td><td>1830400</td><td>1996800</td><td>2163200</td><td>2329600</td><td>2496000</td><td>2662400</td><td>2828800</td><td>2995200</td><td>3161600</td><td>3328000</td><td>3494400</td><td>3660800</td><td>3827200</td><td>3993600</td><td>4160000</td><td>4326400</td><td>4492800</td><td>4659200</td><td>4825600</td><td>4992000</td><td>5158400</td><td>5324800</td><td>5491200</td><td>5657600</td><td>5824000</td><td>5990400</td><td>6156800</td><td>6323200</td><td>6489600</td><td>6656000</td><td>6822400</td><td>6988800</td><td>7155200</td><td>7321600</td><td>7488000</td><td>7654400</td><td>7820800</td><td>7987200</td><td>8153600</td><td>8320000</td></tr><tr><td>27年</td><td>172800</td><td>345600</td><td>518400</td><td>691200</td><td>864000</td><td>1036800</td><td>1209600</td><td>1382400</td><td>1555200</td><td>1728000</td><td>1900800</td><td>2073600</td><td>2246400</td><td>2419200</td><td>2592000</td><td>2764800</td><td>2937600</td><td>3110400</td><td>3283200</td><td>3456000</td><td>3628800</td><td>3801600</td><td>3974400</td><td>4147200</td><td>4320000</td><td>4492800</td><td>4665600</td><td>4838400</td><td>5011200</td><td>5184000</td><td>5356800</td><td>5529600</td><td>5702400</td><td>5875200</td><td>6048000</td><td>6220800</td><td>6393600</td><td>6566400</td><td>6739200</td><td>6912000</td><td>7084800</td><td>7257600</td><td>7430400</td><td>7603200</td><td>7776000</td><td>7948800</td><td>8121600</td><td>8294400</td><td>8467200</td><td>8640000</td></tr><tr><td>28年</td><td>179200</td><td>358400</td><td>537600</td><td>716800</td><td>896000</td><td>1075200</td><td>1254400</td><td>1433600</td><td>1612800</td><td>1792000</td><td>1971200</td><td>2150400</td><td>2329600</td><td>2508800</td><td>2688000</td><td>2867200</td><td>3046400</td><td>3225600</td><td>3404800</td><td>3584000</td><td>3763200</td><td>3942400</td><td>4121600</td><td>4300800</td><td>4480000</td><td>4659200</td><td>4838400</td><td>5017600</td><td>5196800</td><td>5376000</td><td>5555200</td><td>5734400</td><td>5913600</td><td>6092800</td><td>6272000</td><td>6451200</td><td>6630400</td><td>6809600</td><td>6988800</td><td>7168000</td><td>7347200</td><td>7526400</td><td>7705600</td><td>7884800</td><td>8064000</td><td>8243200</td><td>8422400</td><td>8601600</td><td>8780800</td><td>8960000</td></tr><tr><td>29年</td><td>185600</td><td>371200</td><td>556800</td><td>742400</td><td>928000</td><td>1113600</td><td>1299200</td><td>1484800</td><td>1670400</td><td>1856000</td><td>2041600</td><td>2227200</td><td>2412800</td><td>2598400</td><td>2784000</td><td>2969600</td><td>3155200</td><td>3340800</td><td>3526400</td><td>3712000</td><td>3897600</td><td>4083200</td><td>4268800</td><td>4454400</td><td>4640000</td><td>4825600</td><td>5011200</td><td>5196800</td><td>5382400</td><td>5568000</td><td>5753600</td><td>5939200</td><td>6124800</td><td>6310400</td><td>6496000</td><td>6681600</td><td>6867200</td><td>7052800</td><td>7238400</td><td>7424000</td><td>7609600</td><td>7795200</td><td>7980800</td><td>8166400</td><td>8352000</td><td>8537600</td><td>8723200</td><td>8908800</td><td>9094400</td><td>9280000</td></tr><tr><td>30年</td><td>192000</td><td>384000</td><td>576000</td><td>768000</td><td>960000</td><td>1152000</td><td>1344000</td><td>1536000</td><td>1728000</td><td>1920000</td><td>2112000</td><td>2304000</td><td>2496000</td><td>2688000</td><td>2880000</td><td>3072000</td><td>3264000</td><td>3456000</td><td>3648000</td><td>3840000</td><td>4032000</td><td>4224000</td><td>4416000</td><td>4608000</td><td>4800000</td><td>4992000</td><td>5184000</td><td>5376000</td><td>5568000</td><td>5760000</td><td>5952000</td><td>6144000</td><td>6336000</td><td>6528000</td><td>6720000</td><td>6912000</td><td>7104000</td><td>7296000</td><td>7488000</td><td>7680000</td><td>7872000</td><td>8064000</td><td>8256000</td><td>8448000</td><td>8640000</td><td>8832000</td><td>9024000</td><td>9216000</td><td>9408000</td><td>9600000</td></tr><tr><td>31年</td><td>198400</td><td>396800</td><td>595200</td><td>793600</td><td>992000</td><td>1190400</td><td>1388800</td><td>1587200</td><td>1785600</td><td>1984000</td><td>2182400</td><td>2380800</td><td>2579200</td><td>2777600</td><td>2976000</td><td>3174400</td><td>3372800</td><td>3571200</td><td>3769600</td><td>3968000</td><td>4166400</td><td>4364800</td><td>4563200</td><td>4761600</td><td>4960000</td><td>5158400</td><td>5356800</td><td>5555200</td><td>5753600</td><td>5952000</td><td>6150400</td><td>6348800</td><td>6547200</td><td>6745600</td><td>6944000</td><td>7142400</td><td>7340800</td><td>7539200</td><td>7737600</td><td>7936000</td><td>8134400</td><td>8332800</td><td>8531200</td><td>8729600</td><td>8928000</td><td>9126400</td><td>9324800</td><td>9523200</td><td>9721600</td><td>9920000</td></tr><tr><td>32年</td><td>204800</td><td>409600</td><td>614400</td><td>819200</td><td>1024000</td><td>1228800</td><td>1433600</td><td>1638400</td><td>1843200</td><td>2048000</td><td>2252800</td><td>2457600</td><td>2662400</td><td>2867200</td><td>3072000</td><td>3276800</td><td>3481600</td><td>3686400</td><td>3891200</td><td>4096000</td><td>4300800</td><td>4505600</td><td>4710400</td><td>4915200</td><td>5120000</td><td>5324800</td><td>5529600</td><td>5734400</td><td>5939200</td><td>6144000</td><td>6348800</td><td>6553600</td><td>6758400</td><td>6963200</td><td>7168000</td><td>7372800</td><td>7577600</td><td>7782400</td><td>7987200</td><td>8192000</td><td>8396800</td><td>8601600</td><td>8806400</td><td>9011200</td><td>9216000</td><td>9420800</td><td>9625600</td><td>9830400</td><td>10035200</td><td>10240000</td></tr><tr><td>33年</td><td>211200</td><td>422400</td><td>633600</td><td>844800</td><td>1056000</td><td>1267200</td><td>1478400</td><td>1689600</td><td>1900800</td><td>2112000</td><td>2323200</td><td>2534400</td><td>2745600</td><td>2956800</td><td>3168000</td><td>3379200</td><td>3590400</td><td>3801600</td><td>4012800</td><td>4224000</td><td>4435200</td><td>4646400</td><td>4857600</td><td>5068800</td><td>5280000</td><td>5491200</td><td>5702400</td><td>5913600</td><td>6124800</td><td>6336000</td><td>6547200</td><td>6758400</td><td>6969600</td><td>7180800</td><td>7392000</td><td>7603200</td><td>7814400</td><td>8025600</td><td>8236800</td><td>8448000</td><td>8659200</td><td>8870400</td><td>9081600</td><td>9292800</td><td>9504000</td><td>9715200</td><td>9926400</td><td>10137600</td><td>10348800</td><td>10560000</td></tr><tr><td>34年</td><td>217600</td><td>435200</td><td>652800</td><td>870400</td><td>1088000</td><td>1305600</td><td>1523200</td><td>1740800</td><td>1958400</td><td>2176000</td><td>2393600</td><td>2611200</td><td>2828800</td><td>3046400</td><td>3264000</td><td>3481600</td><td>3699200</td><td>3916800</td><td>4134400</td><td>4352000</td><td>4569600</td><td>4787200</td><td>5004800</td><td>5222400</td><td>5440000</td><td>5657600</td><td>5875200</td><td>6092800</td><td>6310400</td><td>6528000</td><td>6745600</td><td>6963200</td><td>7180800</td><td>7398400</td><td>7616000</td><td>7833600</td><td>8051200</td><td>8268800</td><td>8486400</td><td>8704000</td><td>8921600</td><td>9139200</td><td>9356800</td><td>9574400</td><td>9792000</td><td>10009600</td><td>10227200</td><td>10444800</td><td>10662400</td><td>10880000</td></tr><tr><td>35年</td><td>224000</td><td>448000</td><td>672000</td><td>896000</td><td>1120000</td><td>1344000</td><td>1568000</td><td>1792000</td><td>2016000</td><td>2240000</td><td>2464000</td><td>2688000</td><td>2912000</td><td>3136000</td><td>3360000</td><td>3584000</td><td>3808000</td><td>4032000</td><td>4256000</td><td>4480000</td><td>4704000</td><td>4928000</td><td>5152000</td><td>5376000</td><td>5600000</td><td>5824000</td><td>6048000</td><td>6272000</td><td>6496000</td><td>6720000</td><td>6944000</td><td>7168000</td><td>7392000</td><td>7616000</td><td>7840000</td><td>8064000</td><td>8288000</td><td>8512000</td><td>8736000</td><td>8960000</td><td>9184000</td><td>9408000</td><td>9632000</td><td>9856000</td><td>10080000</td><td>10304000</td><td>10528000</td><td>10752000</td><td>10976000</td><td>11200000</td></tr><tr><td>36年</td><td>230400</td><td>460800</td><td>691200</td><td>921600</td><td>1152000</td><td>1382400</td><td>1612800</td><td>1843200</td><td>2073600</td><td>2304000</td><td>2534400</td><td>2764800</td><td>2995200</td><td>3225600</td><td>3456000</td><td>3686400</td><td>3916800</td><td>4147200</td><td>4377600</td><td>4608000</td><td>4838400</td><td>5068800</td><td>5299200</td><td>5529600</td><td>5760000</td><td>5990400</td><td>6220800</td><td>6451200</td><td>6681600</td><td>6912000</td><td>7142400</td><td>7372800</td><td>7603200</td><td>7833600</td><td>8064000</td><td>8294400</td><td>8524800</td><td>8755200</td><td>8985600</td><td>9216000</td><td>9446400</td><td>9676800</td><td>9907200</td><td>10137600</td><td>10368000</td><td>10598400</td><td>10828800</td><td>11059200</td><td>11289600</td><td>11520000</td></tr><tr><td>37年</td><td>236800</td><td>473600</td><td>710400</td><td>947200</td><td>1184000</td><td>1420800</td><td>1657600</td><td>1894400</td><td>2131200</td><td>2368000</td><td>2604800</td><td>2841600</td><td>3078400</td><td>3315200</td><td>3552000</td><td>3788800</td><td>4025600</td><td>4262400</td><td>4499200</td><td>4736000</td><td>4972800</td><td>5209600</td><td>5446400</td><td>5683200</td><td>5920000</td><td>6156800</td><td>6393600</td><td>6630400</td><td>6867200</td><td>7104000</td><td>7340800</td><td>7577600</td><td>7814400</td><td>8051200</td><td>8288000</td><td>8524800</td><td>8761600</td><td>8998400</td><td>9235200</td><td>9472000</td><td>9708800</td><td>9945600</td><td>10182400</td><td>10419200</td><td>10656000</td><td>10892800</td><td>11129600</td><td>11366400</td><td>11603200</td><td>11840000</td></tr><tr><td>38年</td><td>243200</td><td>486400</td><td>729600</td><td>972800</td><td>1216000</td><td>1459200</td><td>1702400</td><td>1945600</td><td>2188800</td><td>2432000</td><td>2675200</td><td>2918400</td><td>3161600</td><td>3404800</td><td>3648000</td><td>3891200</td><td>4134400</td><td>4377600</td><td>4620800</td><td>4864000</td><td>5107200</td><td>5350400</td><td>5593600</td><td>5836800</td><td>6080000</td><td>6323200</td><td>6566400</td><td>6809600</td><td>7052800</td><td>7296000</td><td>7539200</td><td>7782400</td><td>8025600</td><td>8268800</td><td>8512000</td><td>8755200</td><td>8998400</td><td>9241600</td><td>9484800</td><td>9728000</td><td>9971200</td><td>10214400</td><td>10457600</td><td>10700800</td><td>10944000</td><td>11187200</td><td>11430400</td><td>11673600</td><td>11916800</td><td>12160000</td></tr><tr><td>39年</td><td>249600</td><td>499200</td><td>748800</td><td>998400</td><td>1248000</td><td>1497600</td><td>1747200</td><td>1996800</td><td>2246400</td><td>2496000</td><td>2745600</td><td>2995200</td><td>3244800</td><td>3494400</td><td>3744000</td><td>3993600</td><td>4243200</td><td>4492800</td><td>4742400</td><td>4992000</td><td>5241600</td><td>5491200</td><td>5740800</td><td>5990400</td><td>6240000</td><td>6489600</td><td>6739200</td><td>6988800</td><td>7238400</td><td>7488000</td><td>7737600</td><td>7987200</td><td>8236800</td><td>8486400</td><td>8736000</td><td>8985600</td><td>9235200</td><td>9484800</td><td>9734400</td><td>9984000</td><td>10233600</td><td>10483200</td><td>10732800</td><td>10982400</td><td>11232000</td><td>11481600</td><td>11731200</td><td>11980800</td><td>12230400</td><td>12480000</td></tr><tr><td>40年</td><td>256000</td><td>512000</td><td>768000</td><td>1024000</td><td>1280000</td><td>1536000</td><td>1792000</td><td>2048000</td><td>2304000</td><td>2560000</td><td>2816000</td><td>3072000</td><td>3328000</td><td>3584000</td><td>3840000</td><td>4096000</td><td>4352000</td><td>4608000</td><td>4864000</td><td>5120000</td><td>5376000</td><td>5632000</td><td>5888000</td><td>6144000</td><td>6400000</td><td>6656000</td><td>6912000</td><td>7168000</td><td>7424000</td><td>7680000</td><td>7936000</td><td>8192000</td><td>8448000</td><td>8704000</td><td>8960000</td><td>9216000</td><td>9472000</td><td>9728000</td><td>9984000</td><td>10240000</td><td>10496000</td><td>10752000</td><td>11008000</td><td>11264000</td><td>11520000</td><td>11776000</td><td>12032000</td><td>12288000</td><td>12544000</td><td>12800000</td></tr><tr><td>41年</td><td>262400</td><td>524800</td><td>787200</td><td>1049600</td><td>1312000</td><td>1574400</td><td>1836800</td><td>2099200</td><td>2361600</td><td>2624000</td><td>2886400</td><td>3148800</td><td>3411200</td><td>3673600</td><td>3936000</td><td>4198400</td><td>4460800</td><td>4723200</td><td>4985600</td><td>5248000</td><td>5510400</td><td>5772800</td><td>6035200</td><td>6297600</td><td>6560000</td><td>6822400</td><td>7084800</td><td>7347200</td><td>7609600</td><td>7872000</td><td>8134400</td><td>8396800</td><td>8659200</td><td>8921600</td><td>9184000</td><td>9446400</td><td>9708800</td><td>9971200</td><td>10233600</td><td>10496000</td><td>10758400</td><td>11020800</td><td>11283200</td><td>11545600</td><td>11808000</td><td>12070400</td><td>12332800</td><td>12595200</td><td>12857600</td><td>13120000</td></tr><tr><td>42年</td><td>268800</td><td>537600</td><td>806400</td><td>1075200</td><td>1344000</td><td>1612800</td><td>1881600</td><td>2150400</td><td>2419200</td><td>2688000</td><td>2956800</td><td>3225600</td><td>3494400</td><td>3763200</td><td>4032000</td><td>4300800</td><td>4569600</td><td>4838400</td><td>5107200</td><td>5376000</td><td>5644800</td><td>5913600</td><td>6182400</td><td>6451200</td><td>6720000</td><td>6988800</td><td>7257600</td><td>7526400</td><td>7795200</td><td>8064000</td><td>8332800</td><td>8601600</td><td>8870400</td><td>9139200</td><td>9408000</td><td>9676800</td><td>9945600</td><td>10214400</td><td>10483200</td><td>10752000</td><td>11020800</td><td>11289600</td><td>11558400</td><td>11827200</td><td>12096000</td><td>12364800</td><td>12633600</td><td>12902400</td><td>13171200</td><td>13440000</td></tr><tr><td>43年</td><td>275200</td><td>550400</td><td>825600</td><td>1100800</td><td>1376000</td><td>1651200</td><td>1926400</td><td>2201600</td><td>2476800</td><td>2752000</td><td>3027200</td><td>3302400</td><td>3577600</td><td>3852800</td><td>4128000</td><td>4403200</td><td>4678400</td><td>4953600</td><td>5228800</td><td>5504000</td><td>5779200</td><td>6054400</td><td>6329600</td><td>6604800</td><td>6880000</td><td>7155200</td><td>7430400</td><td>7705600</td><td>7980800</td><td>8256000</td><td>8531200</td><td>8806400</td><td>9081600</td><td>9356800</td><td>9632000</td><td>9907200</td><td>10182400</td><td>10457600</td><td>10732800</td><td>11008000</td><td>11283200</td><td>11558400</td><td>11833600</td><td>12108800</td><td>12384000</td><td>12659200</td><td>12934400</td><td>13209600</td><td>13484800</td><td>13760000</td></tr><tr><td>44年</td><td>281600</td><td>563200</td><td>844800</td><td>1126400</td><td>1408000</td><td>1689600</td><td>1971200</td><td>2252800</td><td>2534400</td><td>2816000</td><td>3097600</td><td>3379200</td><td>3660800</td><td>3942400</td><td>4224000</td><td>4505600</td><td>4787200</td><td>5068800</td><td>5350400</td><td>5632000</td><td>5913600</td><td>6195200</td><td>6476800</td><td>6758400</td><td>7040000</td><td>7321600</td><td>7603200</td><td>7884800</td><td>8166400</td><td>8448000</td><td>8729600</td><td>9011200</td><td>9292800</td><td>9574400</td><td>9856000</td><td>10137600</td><td>10419200</td><td>10700800</td><td>10982400</td><td>11264000</td><td>11545600</td><td>11827200</td><td>12108800</td><td>12390400</td><td>12672000</td><td>12953600</td><td>13235200</td><td>13516800</td><td>13798400</td><td>14080000</td></tr><tr><td>45年</td><td>288000</td><td>576000</td><td>864000</td><td>1152000</td><td>1440000</td><td>1728000</td><td>2016000</td><td>2304000</td><td>2592000</td><td>2880000</td><td>3168000</td><td>3456000</td><td>3744000</td><td>4032000</td><td>4320000</td><td>4608000</td><td>4896000</td><td>5184000</td><td>5472000</td><td>5760000</td><td>6048000</td><td>6336000</td><td>6624000</td><td>6912000</td><td>7200000</td><td>7488000</td><td>7776000</td><td>8064000</td><td>8352000</td><td>8640000</td><td>8928000</td><td>9216000</td><td>9504000</td><td>9792000</td><td>10080000</td><td>10368000</td><td>10656000</td><td>10944000</td><td>11232000</td><td>11520000</td><td>11808000</td><td>12096000</td><td>12384000</td><td>12672000</td><td>12960000</td><td>13248000</td><td>13536000</td><td>13824000</td><td>14112000</td><td>14400000</td></tr><tr><td>46年</td><td>294400</td><td>588800</td><td>883200</td><td>1177600</td><td>1472000</td><td>1766400</td><td>2060800</td><td>2355200</td><td>2649600</td><td>2944000</td><td>3238400</td><td>3532800</td><td>3827200</td><td>4121600</td><td>4416000</td><td>4710400</td><td>5004800</td><td>5299200</td><td>5593600</td><td>5888000</td><td>6182400</td><td>6476800</td><td>6771200</td><td>7065600</td><td>7360000</td><td>7654400</td><td>7948800</td><td>8243200</td><td>8537600</td><td>8832000</td><td>9126400</td><td>9420800</td><td>9715200</td><td>10009600</td><td>10304000</td><td>10598400</td><td>10892800</td><td>11187200</td><td>11481600</td><td>11776000</td><td>12070400</td><td>12364800</td><td>12659200</td><td>12953600</td><td>13248000</td><td>13542400</td><td>13836800</td><td>14131200</td><td>14425600</td><td>14720000</td></tr><tr><td>47年</td><td>300800</td><td>601600</td><td>902400</td><td>1203200</td><td>1504000</td><td>1804800</td><td>2105600</td><td>2406400</td><td>2707200</td><td>3008000</td><td>3308800</td><td>3609600</td><td>3910400</td><td>4211200</td><td>4512000</td><td>4812800</td><td>5113600</td><td>5414400</td><td>5715200</td><td>6016000</td><td>6316800</td><td>6617600</td><td>6918400</td><td>7219200</td><td>7520000</td><td>7820800</td><td>8121600</td><td>8422400</td><td>8723200</td><td>9024000</td><td>9324800</td><td>9625600</td><td>9926400</td><td>10227200</td><td>10528000</td><td>10828800</td><td>11129600</td><td>11430400</td><td>11731200</td><td>12032000</td><td>12332800</td><td>12633600</td><td>12934400</td><td>13235200</td><td>13536000</td><td>13836800</td><td>14137600</td><td>14438400</td><td>14739200</td><td>15040000</td></tr><tr><td>48年</td><td>307200</td><td>614400</td><td>921600</td><td>1228800</td><td>1536000</td><td>1843200</td><td>2150400</td><td>2457600</td><td>2764800</td><td>3072000</td><td>3379200</td><td>3686400</td><td>3993600</td><td>4300800</td><td>4608000</td><td>4915200</td><td>5222400</td><td>5529600</td><td>5836800</td><td>6144000</td><td>6451200</td><td>6758400</td><td>7065600</td><td>7372800</td><td>7680000</td><td>7987200</td><td>8294400</td><td>8601600</td><td>8908800</td><td>9216000</td><td>9523200</td><td>9830400</td><td>10137600</td><td>10444800</td><td>10752000</td><td>11059200</td><td>11366400</td><td>11673600</td><td>11980800</td><td>12288000</td><td>12595200</td><td>12902400</td><td>13209600</td><td>13516800</td><td>13824000</td><td>14131200</td><td>14438400</td><td>14745600</td><td>15052800</td><td>15360000</td></tr><tr><td>49年</td><td>313600</td><td>627200</td><td>940800</td><td>1254400</td><td>1568000</td><td>1881600</td><td>2195200</td><td>2508800</td><td>2